3,2
3,1
3,3
10,120
10,276
10,86
10,69
10,28
10,300
10,129
10,79
11,13
8,5
8,12
40,4
40,3
40,2
40,1
40,0
31,3
31,2
31,1
31,0
20,3
20,2
20,1
19,3
19,2
19,1
17,3
17,2
17,1
16,3
16,2
16,1
15,3
15,2
15,1
18,1
14,2
13,2
12,3
18,3
12,2
12,1
11,30
11,29
11,28
11,27
11,26
11,25
11,24
14,1
11,23
11,22
11,21
11,20
11,19
11,18
11,17
11,16
11,15
11,14
11,12
11,10
11,9
11,8
11,7
14,3
13,1
11,6
11,3
11,2
13,3
11,1
10,266
10,249
10,240
10,233
10,227
10,222
10,210
10,200
10,119
10,115
10,99
10,31
10,27
10,4
10,3
10,2
10,1
9,7
9,5
9,3
